CREATE TABLE BasketballStats (
    game INT,
    opponent VARCHAR(50),
    luka_fgattempt INT,
    luka_fgpercent FLOAT,
    team_attempts INT,
    team_fgpercent FLOAT,
    luka_percentofteamtotal FLOAT,
    ftattempt INT,
    points INT,
    result VARCHAR(5)
);

INSERT INTO BasketballStats (game, opponent, luka_fgattempt, luka_fgpercent, team_attempts, team_fgpercent, luka_percentofteamtotal, ftattempt, points, result) VALUES
(1, 'PHO', 23, 0.44, 75, 0.48, 0.31, 13, 35, 'L'),
(2, 'MEM', 23, 0.52, 90, 0.49, 0.26, 5, 32, 'W'),
(3, 'NOP', 30, 0.53, 82, 0.48, 0.37, 5, 37, 'L'),
(4, 'BRK', 28, 0.50, 81, 0.51, 0.35, 13, 41, 'W'),
(5, 'OKC', 23, 0.35, 95, 0.42, 0.24, 19, 31, 'L'),
(6, 'ORL', 26, 0.65, 83, 0.42, 0.31, 14, 44, 'W'),
(7, 'UTA', 20, 0.60, 84, 0.47, 0.24, 10, 33, 'W'),
(8, 'TOR', 15, 0.67, 77, 0.47, 0.19, 14, 35, 'W'),
(9, 'BRK', 22, 0.50, 72, 0.42, 0.31, 12, 36, 'W'),
(10, 'ORL', 29, 0.31, 85, 0.41, 0.34, 7, 24, 'L'),
(11, 'WAS', 21, 0.38, 86, 0.45, 0.24, 9, 22, 'L'),
(12, 'POR', 22, 0.59, 81, 0.47, 0.27, 18, 42, 'W'),
(13, 'LAC', 22, 0.50, 80, 0.41, 0.28, 11, 35, 'W'),
(14, 'DEN', 22, 0.50, 77, 0.64, 0.29, 11, 33, 'W'),
(15, 'DEN', 16, 0.44, 78, 0.45, 0.21, 10, 22, 'L'),
(16, 'BOS', 28, 0.61, 82, 0.50, 0.34, 9, 42, 'L'),
(17, 'TOR', 15, 0.53, 73, 0.47, 0.21, 9, 24, 'L'),
(18, 'MIL', 20, 0.50, 80, 0.52, 0.25, 9, 27, 'L'),
(19, 'GSW', 27, 0.52, 91, 0.44, 0.30, 15, 41, 'W'),
(20, 'DET', 25, 0.52, 86, 0.54, 0.29, 6, 35, 'L'),
(21, 'NYK', 21, 0.52, 100, 0.41, 0.21, 4, 30, 'W'),
(22, 'PHO', 20, 0.60, 84, 0.50, 0.24, 7, 33, 'W'),
(23, 'DEN', 17, 0.29, 72, 0.56, 0.24, 9, 22, 'W'),
(24, 'MIL', 28, 0.46, 88, 0.47, 0.32, 10, 33, 'L'),
(25, 'OKC', 27, 0.48, 93, 0.39, 0.29, 10, 38, 'W'),
(26, 'CLE', 23, 0.39, 74, 0.39, 0.31, 11, 30, 'L'),
(27, 'POR', 18, 0.61, 81, 0.54, 0.22, 7, 33, 'W'),
(28, 'MIN', 17, 0.29, 76, 0.44, 0.22, 7, 19, 'L'),
(29, 'MIN', 16, 0.50, 75, 0.44, 0.21, 9, 25, 'W'),
(30, 'HOU', 30, 0.57, 80, 0.38, 0.38, 12, 50, 'W'),
(31, 'LAL', 16, 0.56, 84, 0.51, 0.19, 16, 32, 'W'),
(32, 'NYK', 31, 0.68, 90, 0.39, 0.34, 22, 60, 'W'),
(33, 'HOU', 21, 0.52, 91, 0.51, 0.23, 12, 35, 'W'),
(34, 'SAS', 29, 0.62, 86, 0.56, 0.34, 15, 51, 'W'),
(35, 'HOU', 26, 0.39, 81, 0.44, 0.32, 22, 39, 'W'),
(36, 'BOS', 23, 0.30, 90, 0.40, 0.26, 11, 23, 'L'),
(37, 'NOP', 23, 0.44, 74, 0.63, 0.31, 15, 34, 'W'),
(38, 'LAC', 22, 0.55, 69, 0.38, 0.32, 21, 43, 'L'),
(39, 'LAL', 28, 0.50, 96, 0.50, 0.29, 7, 35, 'W'),
(40, 'POR', 19, 0.37, 82, 0.57, 0.23, 6, 15, 'L'),
(41, 'ATL', 19, 0.47, 84, 0.54, 0.23, 12, 30, 'L'),
(42, 'MIA', 24, 0.50, 80, 0.45, 0.30, 8, 34, 'W'),
(43, 'LAC', 21, 0.43, 80, 0.44, 0.26, 13, 29, 'L'),
(44, 'WAS', 29, 0.55, 89, 0.52, 0.33, 12, 41, 'L'),
(45, 'DET', 24, 0.71, 79, 0.40, 0.30, 18, 53, 'W'),
(46, 'NOP', 19, 0.63, 85, 0.38, 0.22, 8, 31, 'W'),
(47, 'SAC', 20, 0.55, 91, 0.51, 0.22, 5, 27, 'L'),
(48, 'MIN', 20, 0.50, 84, 0.52, 0.24, 15, 33, 'L'),
(49, 'DEN', 22, 0.55, 84, 0.44, 0.26, 12, 37, 'L'),
(50, 'SAS', 16, 0.50, 82, 0.58, 0.20, 12, 28, 'W'),
(51, 'LAL', 22, 0.46, 93, 0.41, 0.24, 4, 26, 'L'),
(52, 'IND', 25, 0.56, 91, 0.48, 0.27, 12, 39, 'L'),
(53, 'PHI', 22, 0.59, 82, 0.53, 0.27, 11, 42, 'W'),
(54, 'PHO', 23, 0.35, 77, 0.56, 0.30, 19, 34, 'L'),
(55, 'UTA', 23, 0.44, 89, 0.48, 0.26, 8, 29, 'W'),
(56, 'NOP', 14, 0.29, 88, 0.46, 0.16, 8, 15, 'L'),
(57, 'GSW', 27, 0.41, 89, 0.53, 0.30, 10, 30, 'L'),
(58, 'CHO', 23, 0.52, 84, 0.48, 0.27, 10, 34, 'L'),
(59, 'CHO', 29, 0.41, 84, 0.36, 0.35, 10, 40, 'L'),
(60, 'IND', 17, 0.47, 83, 0.59, 0.20, 5, 25, 'W'),
(61, 'PHI', 20, 0.45, 83, 0.46, 0.24, 2, 24, 'L'),
(62, 'MIA', 25, 0.68, 77, 0.58, 0.32, 7, 42, 'L'),
(63, 'ATL', 21, 0.38, 95, 0.55, 0.22, 4, 22, 'L'),
(64, 'SAC', 19, 0.47, 89, 0.50, 0.21, 10, 29, 'W'),
(65, 'CHI', 11, 0.36, 93, 0.46, 0.12, 7, 13, 'L');

